Time: 5
vtypehuman.1: 51.396 51.515 0.210696 0.290741 0 0
vtypehuman.4: 15.2987 15.4177 0.498036 0.57808 -9.54453 -9.54453
vtypehuman.6: 41.2971 41.4161 0.157048 0.237093 4.05102 4.05102
Time: 5.1
vtypehuman.1: 51.4173 51.5364 0.216727 0.296772 0 0
vtypehuman.4: 15.3103 15.4294 0.507189 0.587233 -9.53873 -9.53873
vtypehuman.6: 41.3064 41.4254 0.174633 0.254677 4.05019 4.05019
Time: 5.2
vtypehuman.1: 51.4386 51.5577 0.212394 0.292438 0 0
vtypehuman.4: 15.3231 15.4421 0.505904 0.585949 -9.53238 -9.53238
vtypehuman.6: 41.3173 41.4363 0.17929 0.259334 4.04921 4.04921
Time: 5.3
vtypehuman.1: 51.4592 51.5782 0.194699 0.274744 0 0
vtypehuman.4: 15.334 15.4531 0.479068 0.559112 -9.52694 -9.52694
vtypehuman.6: 41.3279 41.4469 0.166309 0.246354 4.04826 4.04826
Time: 5.4
vtypehuman.1: 51.4779 51.5969 0.178659 0.258704 0 0
vtypehuman.4: 15.3424 15.4615 0.459194 0.539239 -9.52275 -9.52275
vtypehuman.6: 41.3362 41.4552 0.126506 0.206551 4.04752 4.04752
Time: 5.5
vtypehuman.1: 51.4932 51.6122 0.138107 0.218151 0 0
vtypehuman.4: 15.3478 15.4669 0.414129 0.494174 -9.52007 -9.52007
vtypehuman.6: 41.3402 41.4592 0.0910252 0.17107 4.04716 4.04716
Time: 5.6
vtypehuman.1: 51.5037 51.6227 0.0704905 0.150535 0 0
vtypehuman.4: 15.348 15.467 0.359708 0.439753 -9.52 -9.52
vtypehuman.6: 41.3402 41.4592 0.0386326 0.118677 4.04716 4.04716
Time: 5.7
vtypehuman.1: 51.5075 51.6265 -0.00376489 0.0762798 0 0
vtypehuman.4: 15.3421 15.4611 0.280467 0.360511 -9.52291 -9.52291
vtypehuman.6: 41.3348 41.4538 -0.0121884 0.0678562 4.04765 4.04765
Time: 5.8
vtypehuman.1: 51.5033 51.6223 -0.0900967 -0.0100521 0 0
vtypehuman.4: 15.3267 15.4457 0.187989 0.268034 -9.53061 -9.53061
vtypehuman.6: 41.3226 41.4416 -0.0785942 0.00145046 4.04874 4.04874
Time: 5.9
vtypehuman.1: 51.4902 51.6093 -0.180695 -0.10065 0 0
vtypehuman.4: 15.3025 15.4215 0.106733 0.186778 -9.54264 -9.54264
vtypehuman.6: 41.3044 41.4234 -0.158491 -0.0784462 4.05036 4.05036
Time: 6
vtypehuman.1: 51.4678 51.5868 -0.265444 -0.185399 0 0
vtypehuman.4: 15.2701 15.3891 0.0244039 0.104449 -9.55884 -9.55884
vtypehuman.6: 41.2766 41.3957 -0.258622 -0.178577 4.05285 4.05285
Time: 6.1
vtypehuman.1: 51.4357 51.5547 -0.369239 -0.289194 0 0
vtypehuman.4: 15.2284 15.3474 -0.0904272 -0.0103825 -9.57978 -9.57978
vtypehuman.6: 41.2385 41.3575 -0.361245 -0.281201 4.05627 4.05627
Time: 6.2
vtypehuman.1: 51.3937 51.5127 -0.469406 -0.389361 0 0
vtypehuman.4: 15.1753 15.2943 -0.180179 -0.100134 -9.60655 -9.60655
vtypehuman.6: 41.1904 41.3095 -0.461417 -0.381372 4.06059 4.06059
Time: 6.3
vtypehuman.1: 51.3422 51.4612 -0.559801 -0.479756 0 0
vtypehuman.4: 15.1132 15.2322 -0.282209 -0.202164 -9.63808 -9.63808
vtypehuman.6: 41.1326 41.2516 -0.559993 -0.479948 4.06581 4.06581
Time: 6.4
vtypehuman.1: 51.2811 51.4002 -0.660818 -0.580773 0 0
vtypehuman.4: 15.0407 15.1597 -0.367413 -0.287368 -9.67513 -9.67513
vtypehuman.6: 41.0646 41.1836 -0.653555 -0.57351 4.07195 4.07195
Time: 6.5
vtypehuman.1: 51.2111 51.3301 -0.746436 -0.666392 0 0
vtypehuman.4: 14.9606 15.0797 -0.436439 -0.356394 -9.71636 -9.71636
vtypehuman.6: 40.9876 41.1067 -0.731275 -0.65123 4.07893 4.07893
Time: 6.6
vtypehuman.1: 51.1325 51.2515 -0.822982 -0.742938 0 0
vtypehuman.4: 14.8737 14.9927 -0.505341 -0.425296 -9.76156 -9.76156
vtypehuman.6: 40.9033 41.0223 -0.816181 -0.736136 4.0866 4.0866
Time: 6.7
vtypehuman.1: 51.0458 51.1648 -0.908841 -0.828796 0 0
vtypehuman.4: 14.7795 14.8986 -0.564576 -0.484532 -9.81098 -9.81098
vtypehuman.6: 40.8096 40.9286 -0.904059 -0.824014 4.09517 4.09517
Time: 6.8
vtypehuman.1: 50.9515 51.0706 -0.981562 -0.901517 0 0
vtypehuman.4: 14.679 14.798 -0.623241 -0.543197 -9.86433 -9.86433
vtypehuman.6: 40.7094 40.8284 -0.968492 -0.888448 4.10436 4.10436
Time: 6.9
vtypehuman.1: 50.8505 50.9695 -1.04296 -0.962915 0 0
vtypehuman.4: 14.5728 14.6918 -0.667994 -0.587949 -9.9213 -9.9213
vtypehuman.6: 40.6015 40.7205 -1.03957 -0.959521 4.1143 4.1143
Time: 7
vtypehuman.1: 50.7431 50.8621 -1.10529 -1.02524 0 0
vtypehuman.4: 14.4632 14.5822 -0.688304 -0.608259 -9.9808 -9.9808
vtypehuman.6: 40.4867 40.6058 -1.11484 -1.03479 4.12494 4.12494
Time: 7.1
vtypehuman.1: 50.6302 50.7492 -1.15848 -1.07844 0 0
vtypehuman.4: 14.3482 14.4672 -0.754971 -0.674926 -10.044 -10.044
vtypehuman.6: 40.365 40.484 -1.17718 -1.09714 4.13628 4.13628
Time: 7.2
vtypehuman.1: 50.5122 50.6313 -1.20264 -1.1226 0 0
vtypehuman.4: 14.2267 14.3458 -0.801567 -0.721522 -10.1116 -10.1116
vtypehuman.6: 40.2377 40.3567 -1.23464 -1.1546 4.1482 4.1482
Time: 7.3
vtypehuman.1: 50.3906 50.5096 -1.23073 -1.15068 0 0
vtypehuman.4: 14.101 14.22 -0.835537 -0.755492 -10.1826 -10.1826
vtypehuman.6: 40.1055 40.2245 -1.26389 -1.18385 4.16066 4.16066
Time: 7.4
vtypehuman.1: 50.2665 50.3855 -1.25016 -1.17011 0 0
vtypehuman.4: 13.9727 14.0917 -0.835597 -0.755553 -10.2561 -10.2561
vtypehuman.6: 39.9712 40.0902 -1.26288 -1.18283 4.17338 4.17338
Time: 7.5
vtypehuman.1: 50.1419 50.2609 -1.2365 -1.15645 0 0
vtypehuman.4: 13.8439 13.9629 -0.831594 -0.751549 -10.3309 -10.3309
vtypehuman.6: 39.8379 39.9569 -1.24667 -1.16662 4.1861 4.1861
Time: 7.6
vtypehuman.1: 50.0191 50.1381 -1.21584 -1.13579 0 0
vtypehuman.4: 13.7173 13.8363 -0.781213 -0.701168 -10.4056 -10.4056
vtypehuman.6: 39.7067 39.8257 -1.21934 -1.13929 4.19868 4.19868
Time: 7.7
vtypehuman.1: 49.8999 50.0189 -1.16305 -1.083 0 0
vtypehuman.4: 13.5946 13.7136 -0.742221 -0.662176 -10.479 -10.479
vtypehuman.6: 39.5795 39.6985 -1.17935 -1.0993 4.21097 4.21097
Time: 7.8
vtypehuman.1: 49.7866 49.9057 -1.09961 -1.01957 0 0
vtypehuman.4: 13.4765 13.5955 -0.675786 -0.595741 -10.5506 -10.5506
vtypehuman.6: 39.4573 39.5763 -1.10881 -1.02877 4.22283 4.22283
Time: 7.9
vtypehuman.1: 49.6809 49.7999 -1.01382 -0.933778 0 0
vtypehuman.4: 13.3657 13.4847 -0.58707 -0.507026 -10.6187 -10.6187
vtypehuman.6: 39.3424 39.4614 -1.03539 -0.955344 4.23404 4.23404
Time: 8
vtypehuman.1: 49.584 49.703 -0.920797 -0.840752 0 0
vtypehuman.4: 13.2642 13.3832 -0.482466 -0.402421 -10.6818 -10.6818
vtypehuman.6: 39.2369 39.356 -0.918632 -0.838587 4.24439 4.24439
Time: 8.1
vtypehuman.1: 49.497 49.616 -0.811469 -0.731425 0 0
vtypehuman.4: 13.1731 13.2921 -0.363234 -0.28319 -10.7392 -10.7392
vtypehuman.6: 39.1432 39.2623 -0.80315 -0.723106 4.25362 4.25362
Time: 8.2
vtypehuman.1: 49.4208 49.5399 -0.707604 -0.627559 0 0
vtypehuman.4: 13.0921 13.2112 -0.262849 -0.182805 -10.7906 -10.7906
vtypehuman.6: 39.0604 39.1795 -0.687946 -0.607902 4.26182 4.26182
Time: 8.3
vtypehuman.1: 49.3563 49.4753 -0.589601 -0.509557 0 0
vtypehuman.4: 13.0222 13.1412 -0.148768 -0.0687229 -10.8355 -10.8355
vtypehuman.6: 38.9897 39.1087 -0.579199 -0.499154 4.26884 4.26884
Time: 8.4
vtypehuman.1: 49.3039 49.423 -0.464919 -0.384874 0 0
vtypehuman.4: 12.9637 13.0827 -0.0211073 0.0589374 -10.8733 -10.8733
vtypehuman.6: 38.9312 39.0502 -0.436423 -0.356378 4.27467 4.27467
Time: 8.5
vtypehuman.1: 49.2642 49.3833 -0.333328 -0.253283 0 0
vtypehuman.4: 12.918 13.037 0.118898 0.198943 -10.9031 -10.9031
vtypehuman.6: 38.8862 39.0053 -0.311038 -0.230993 4.27916 4.27916
Time: 8.6
vtypehuman.1: 49.2375 49.3565 -0.195103 -0.115058 0 0
vtypehuman.4: 12.8866 13.0056 0.261475 0.341519 -10.9236 -10.9236
vtypehuman.6: 38.8537 38.9727 -0.182233 -0.102188 4.28241 4.28241
Time: 8.7
vtypehuman.1: 49.2245 49.3436 -0.0656105 0.0144341 0 0
vtypehuman.4: 12.8675 12.9865 0.373965 0.454009 -10.9361 -10.9361
vtypehuman.6: 38.8345 38.9536 -0.0425314 0.0375133 4.28433 4.28433
Time: 8.8
vtypehuman.1: 49.2253 49.3443 0.0774208 0.157465 0 0
vtypehuman.4: 12.8613 12.9803 0.52034 0.600385 -10.9401 -10.9401
vtypehuman.6: 38.829 38.948 0.0999411 0.179986 4.28489 4.28489
Time: 8.9
vtypehuman.1: 49.2399 49.3589 0.222671 0.302716 0 0
vtypehuman.4: 12.8693 12.9883 0.662826 0.742871 -10.9349 -10.9349
vtypehuman.6: 38.8391 38.9581 0.248346 0.328391 4.28388 4.28388
Time: 9
vtypehuman.1: 49.2686 49.3876 0.364713 0.444758 0 0
vtypehuman.4: 12.8918 13.0108 0.803753 0.883798 -10.9202 -10.9202
vtypehuman.6: 38.8635 38.9825 0.396818 0.476862 4.28144 4.28144
Time: 9.1
vtypehuman.1: 49.3116 49.4306 0.498398 0.578443 0 0
vtypehuman.4: 12.9284 13.0474 0.946301 1.02635 -10.8963 -10.8963
vtypehuman.6: 38.9031 39.0221 0.549035 0.62908 4.27747 4.27747
Time: 9.2
vtypehuman.1: 49.3692 49.4882 0.643142 0.723186 0 0
vtypehuman.4: 12.9801 13.0991 1.08892 1.16896 -10.8627 -10.8627
vtypehuman.6: 38.9582 39.0772 0.704697 0.784741 4.27198 4.27198
Time: 9.3
vtypehuman.1: 49.4412 49.5603 0.7983 0.878344 0 0
vtypehuman.4: 13.047 13.166 1.24248 1.32252 -10.8195 -10.8195
vtypehuman.6: 39.0279 39.1469 0.845847 0.925891 4.26505 4.26505
Time: 9.4
vtypehuman.1: 49.528 49.647 0.935293 1.01534 0 0
vtypehuman.4: 13.1286 13.2476 1.37306 1.45311 -10.7674 -10.7674
vtypehuman.6: 39.1113 39.2303 0.976047 1.05609 4.25678 4.25678
Time: 9.5
vtypehuman.1: 49.6292 49.7482 1.08333 1.16338 0 0
vtypehuman.4: 13.2235 13.3425 1.49792 1.57796 -10.7074 -10.7074
vtypehuman.6: 39.2084 39.3274 1.11211 1.19216 4.2472 4.2472
Time: 9.6
vtypehuman.1: 49.7443 49.8633 1.21318 1.29323 0 0
vtypehuman.4: 13.3326 13.4516 1.63382 1.71387 -10.6392 -10.6392
vtypehuman.6: 39.3185 39.4376 1.23857 1.31861 4.23638 4.23638
Time: 9.7
vtypehuman.1: 49.8718 49.9908 1.33009 1.41013 0 0
vtypehuman.4: 13.4545 13.5735 1.74684 1.82688 -10.564 -10.564
vtypehuman.6: 39.4418 39.5608 1.36937 1.44941 4.22434 4.22434
Time: 9.8
vtypehuman.1: 50.0102 50.1292 1.43273 1.51277 0 0
vtypehuman.4: 13.5861 13.7052 1.82211 1.90216 -10.484 -10.484
vtypehuman.6: 39.5761 39.6951 1.46365 1.54369 4.21129 4.21129
Time: 9.9
vtypehuman.1: 50.1571 50.2761 1.50667 1.58671 0 0
vtypehuman.4: 13.7255 13.8445 1.87802 1.95806 -10.4007 -10.4007
vtypehuman.6: 39.7197 39.8387 1.54891 1.62896 4.19744 4.19744
Time: 10
vtypehuman.1: 50.3099 50.4289 1.54858 1.62863 0 0
vtypehuman.4: 13.8703 13.9893 1.92521 2.00526 -10.3155 -10.3155
vtypehuman.6: 39.8685 39.9875 1.57958 1.65962 4.18317 4.18317
Time: 10.1
vtypehuman.1: 50.4659 50.5849 1.56203 1.64207 0 0
vtypehuman.4: 14.0183 14.1373 1.93402 2.01406 -10.2298 -10.2298
vtypehuman.6: 40.0192 40.1383 1.57841 1.65846 4.16882 4.16882
Time: 10.2
vtypehuman.1: 50.622 50.741 1.54884 1.62888 0 0
vtypehuman.4: 14.1676 14.2866 1.9345 2.01454 -10.1449 -10.1449
vtypehuman.6: 40.1701 40.2891 1.56529 1.64534 4.15456 4.15456
Time: 10.3
vtypehuman.1: 50.7755 50.8946 1.51558 1.59562 0 0
vtypehuman.4: 14.3165 14.4355 1.90286 1.98291 -10.0615 -10.0615
vtypehuman.6: 40.3178 40.4368 1.5326 1.61264 4.14069 4.14069
Time: 10.4
vtypehuman.1: 50.9242 51.0433 1.46188 1.54193 0 0
vtypehuman.4: 14.4615 14.5805 1.84283 1.92287 -9.98173 -9.98173
vtypehuman.6: 40.4607 40.5797 1.46402 1.54407 4.12736 4.12736
Time: 10.5
vtypehuman.1: 51.0666 51.1856 1.38559 1.46563 0 0
vtypehuman.4: 14.5999 14.7189 1.75779 1.83783 -9.9067 -9.9067
vtypehuman.6: 40.5966 40.7156 1.39375 1.4738 4.11476 4.11476
Time: 10.6
vtypehuman.1: 51.2005 51.3195 1.29218 1.37222 0 0
vtypehuman.4: 14.7282 14.8472 1.64541 1.72546 -9.83814 -9.83814
vtypehuman.6: 40.7238 40.8428 1.29232 1.37236 4.10303 4.10303
Time: 10.7
vtypehuman.1: 51.3253 51.4443 1.19307 1.27311 0 0
vtypehuman.4: 14.8471 14.9661 1.54946 1.6295 -9.77548 -9.77548
vtypehuman.6: 40.842 40.961 1.20857 1.28861 4.0922 4.0922
Time: 10.8
vtypehuman.1: 51.4397 51.5587 1.08835 1.1684 0 0
vtypehuman.4: 14.9564 15.0754 1.44074 1.52078 -9.71856 -9.71856
vtypehuman.6: 40.9501 41.0691 1.08365 1.16369 4.08235 4.08235
Time: 10.9
vtypehuman.1: 51.5431 51.6621 0.977987 1.05803 0 0
vtypehuman.4: 15.0548 15.1738 1.33175 1.41179 -9.66788 -9.66788
vtypehuman.6: 41.0461 41.1651 0.981975 1.06202 4.07363 4.07363
Time: 11
vtypehuman.1: 51.6343 51.7533 0.848086 0.928131 0 0
vtypehuman.4: 15.142 15.261 1.2006 1.28064 -9.62342 -9.62342
vtypehuman.6: 41.1322 41.2512 0.878331 0.958376 4.06585 4.06585
Time: 11.1
vtypehuman.1: 51.7131 51.8321 0.721211 0.801256 0 0
vtypehuman.4: 15.2169 15.3359 1.07365 1.15369 -9.58556 -9.58556
vtypehuman.6: 41.2071 41.3261 0.766704 0.846749 4.0591 4.0591
Time: 11.2
vtypehuman.1: 51.779 51.898 0.59342 0.673464 0 0
vtypehuman.4: 15.2778 15.3968 0.928947 1.00899 -9.55501 -9.55501
vtypehuman.6: 41.271 41.39 0.649065 0.729109 4.05336 4.05336
Time: 11.3
vtypehuman.1: 51.8317 51.9507 0.460678 0.540723 0 0
vtypehuman.4: 15.3245 15.4435 0.784192 0.864236 -9.5317 -9.5317
vtypehuman.6: 41.3216 41.4406 0.495554 0.575598 4.04883 4.04883
Time: 11.4
vtypehuman.1: 51.8709 51.9899 0.328319 0.408364 0 0
vtypehuman.4: 15.3583 15.4773 0.662993 0.743038 -9.51488 -9.51488
vtypehuman.6: 41.3571 41.4762 0.354848 0.434893 4.04565 4.04565
Time: 11.5
vtypehuman.1: 51.8961 52.0152 0.179347 0.259392 0 0
vtypehuman.4: 15.3792 15.4982 0.526806 0.60685 -9.50454 -9.50454
vtypehuman.6: 41.3787 41.4977 0.223919 0.303964 4.04372 4.04372
Time: 11.6
vtypehuman.1: 51.9074 52.0264 0.0477163 0.127761 0 0
vtypehuman.4: 15.3851 15.5041 0.363906 0.44395 -9.50161 -9.50161
vtypehuman.6: 41.3867 41.5057 0.0868549 0.1669 4.04301 4.04301
Time: 11.7
vtypehuman.1: 51.9046 52.0236 -0.10046 -0.020415 0 0
vtypehuman.4: 15.3757 15.4947 0.2148 0.294845 -9.50627 -9.50627
vtypehuman.6: 41.3811 41.5001 -0.058065 0.0219797 4.04351 4.04351
Time: 11.8
vtypehuman.1: 51.8877 52.0067 -0.24116 -0.161115 0 0
vtypehuman.4: 15.3513 15.4704 0.0618205 0.141865 -9.51833 -9.51833
vtypehuman.6: 41.3611 41.4801 -0.196666 -0.116621 4.04529 4.04529
Time: 11.9
vtypehuman.1: 51.8572 51.9762 -0.366166 -0.286121 0 0
vtypehuman.4: 15.3125 15.4315 -0.0653888 0.0146559 -9.53765 -9.53765
vtypehuman.6: 41.3281 41.4471 -0.329002 -0.248957 4.04824 4.04824
Time: 12
vtypehuman.1: 51.8135 51.9325 -0.492635 -0.41259 0 0
vtypehuman.4: 15.2618 15.3808 -0.181305 -0.10126 -9.56301 -9.56301
vtypehuman.6: 41.2825 41.4016 -0.440823 -0.360778 4.05232 4.05232
Time: 12.1
vtypehuman.1: 51.7576 51.8766 -0.618945 -0.5389 0 0
vtypehuman.4: 15.1998 15.3188 -0.277493 -0.197449 -9.59417 -9.59417
vtypehuman.6: 41.225 41.344 -0.563736 -0.483691 4.05749 4.05749
Time: 12.2
vtypehuman.1: 51.6898 51.8089 -0.725468 -0.645423 0 0
vtypehuman.4: 15.1274 15.2464 -0.379696 -0.299651 -9.63085 -9.63085
vtypehuman.6: 41.1561 41.2751 -0.661597 -0.581552 4.06369 4.06369
Time: 12.3
vtypehuman.1: 51.6122 51.7312 -0.826941 -0.746897 0 0
vtypehuman.4: 15.0463 15.1653 -0.449532 -0.369488 -9.67223 -9.67223
vtypehuman.6: 41.0779 41.1969 -0.76341 -0.683365 4.07075 4.07075
Time: 12.4
vtypehuman.1: 51.5257 51.6447 -0.89171 -0.811665 0 0
vtypehuman.4: 14.9581 15.0771 -0.509962 -0.429917 -9.71768 -9.71768
vtypehuman.6: 40.9914 41.1104 -0.82806 -0.748016 4.07859 4.07859
Time: 12.5
vtypehuman.1: 51.4331 51.5522 -0.94856 -0.868516 0 0
vtypehuman.4: 14.8644 14.9834 -0.540948 -0.460903 -9.7664 -9.7664
vtypehuman.6: 40.8991 41.0181 -0.874411 -0.794366 4.08699 4.08699
Time: 12.6
vtypehuman.1: 51.337 51.456 -0.971869 -0.891824 0 0
vtypehuman.4: 14.767 14.886 -0.593389 -0.513344 -9.81758 -9.81758
vtypehuman.6: 40.8033 40.9223 -0.902428 -0.822383 4.09574 4.09574
Time: 12.7
vtypehuman.1: 51.2401 51.3592 -0.964105 -0.884061 0 0
vtypehuman.4: 14.6674 14.7864 -0.568376 -0.488332 -9.87048 -9.87048
vtypehuman.6: 40.7063 40.8254 -0.893431 -0.813386 4.10464 4.10464
Time: 12.8
vtypehuman.1: 51.1451 51.2641 -0.936732 -0.856687 0 0
vtypehuman.4: 14.5709 14.6899 -0.52504 -0.444996 -9.92233 -9.92233
vtypehuman.6: 40.6116 40.7307 -0.854804 -0.77476 4.11337 4.11337
Time: 12.9
vtypehuman.1: 51.0543 51.1733 -0.879742 -0.799698 0 0
vtypehuman.4: 14.4794 14.5984 -0.47581 -0.395765 -9.97196 -9.97196
vtypehuman.6: 40.5203 40.6393 -0.822097 -0.742052 4.12183 4.12183
Time: 13
vtypehuman.1: 50.9696 51.0886 -0.810217 -0.730173 0 0
vtypehuman.4: 14.3932 14.5122 -0.401256 -0.321212 -10.0192 -10.0192
vtypehuman.6: 40.4352 40.5542 -0.73871 -0.658665 4.12973 4.12973
Time: 13.1
vtypehuman.1: 50.8928 51.0118 -0.722862 -0.642817 0 0
vtypehuman.4: 14.314 14.433 -0.309472 -0.229427 -10.0629 -10.0629
vtypehuman.6: 40.3587 40.4777 -0.649238 -0.569194 4.13687 4.13687
Time: 13.2
vtypehuman.1: 50.8251 50.9441 -0.63096 -0.550916 0 0
vtypehuman.4: 14.2459 14.365 -0.197302 -0.117257 -10.1009 -10.1009
vtypehuman.6: 40.2912 40.4103 -0.556476 -0.476432 4.14318 4.14318
Time: 13.3
vtypehuman.1: 50.7677 50.8867 -0.514491 -0.434447 0 0
vtypehuman.4: 14.1889 14.3079 -0.0857501 -0.00570547 -10.1329 -10.1329
vtypehuman.6: 40.2331 40.3521 -0.457087 -0.377043 4.14863 4.14863
Time: 13.4
vtypehuman.1: 50.7212 50.8402 -0.411291 -0.331246 0 0
vtypehuman.4: 14.1426 14.2616 0.0358481 0.115893 -10.159 -10.159
vtypehuman.6: 40.1847 40.3037 -0.354756 -0.274712 4.15318 4.15318
Time: 13.5
vtypehuman.1: 50.6863 50.8053 -0.288854 -0.20881 0 0
vtypehuman.4: 14.1078 14.2268 0.147978 0.228023 -10.1787 -10.1787
vtypehuman.6: 40.1477 40.2667 -0.23819 -0.158146 4.15667 4.15667
Time: 13.6
vtypehuman.1: 50.6639 50.7829 -0.152895 -0.0728503 0 0
vtypehuman.4: 14.0854 14.2044 0.278984 0.359029 -10.1915 -10.1915
vtypehuman.6: 40.1227 40.2417 -0.113408 -0.0333638 4.15903 4.15903
Time: 13.7
vtypehuman.1: 50.6543 50.7733 -0.0284199 0.0516247 0 0
vtypehuman.4: 14.0758 14.1949 0.408841 0.488886 -10.1969 -10.1969
vtypehuman.6: 40.1114 40.2304 0.0215232 0.101568 4.1601 4.1601
Time: 13.8
vtypehuman.1: 50.6581 50.7771 0.105973 0.186017 0 0
vtypehuman.4: 14.0785 14.1975 0.534108 0.614152 -10.1954 -10.1954
vtypehuman.6: 40.1119 40.2309 0.148545 0.22859 4.16005 4.16005
Time: 13.9
vtypehuman.1: 50.6753 50.7943 0.237383 0.317428 0 0
vtypehuman.4: 14.0948 14.2138 0.669042 0.749086 -10.1861 -10.1861
vtypehuman.6: 40.127 40.2461 0.295374 0.375419 4.15862 4.15862
Time: 14
vtypehuman.1: 50.7062 50.8252 0.374237 0.454282 0 0
vtypehuman.4: 14.1237 14.2428 0.799459 0.879504 -10.1697 -10.1697
vtypehuman.6: 40.1564 40.2754 0.438371 0.518416 4.15585 4.15585
Time: 14.1
vtypehuman.1: 50.7511 50.8701 0.52658 0.606625 0 0
vtypehuman.4: 14.1654 14.2844 0.922525 1.00257 -10.1461 -10.1461
vtypehuman.6: 40.2004 40.3194 0.589472 0.669517 4.15171 4.15171
Time: 14.2
vtypehuman.1: 50.8102 50.9292 0.662027 0.742071 0 0
vtypehuman.4: 14.221 14.34 1.06009 1.14013 -10.1148 -10.1148
vtypehuman.6: 40.2595 40.3786 0.731954 0.811998 4.14615 4.14615
Time: 14.3
vtypehuman.1: 50.8837 51.0027 0.806238 0.886282 0 0
vtypehuman.4: 14.2918 14.4108 1.21939 1.29943 -10.0753 -10.0753
vtypehuman.6: 40.3325 40.4515 0.880039 0.960084 4.13932 4.13932
Time: 14.4
vtypehuman.1: 50.9716 51.0907 0.94853 1.02857 0 0
vtypehuman.4: 14.3779 14.4969 1.35789 1.43794 -10.0276 -10.0276
vtypehuman.6: 40.4202 40.5392 1.01957 1.09961 4.13113 4.13113
Time: 14.5
vtypehuman.1: 51.074 51.1931 1.09986 1.17991 0 0
vtypehuman.4: 14.478 14.5971 1.49587 1.57592 -9.97268 -9.97268
vtypehuman.6: 40.5211 40.6401 1.14806 1.2281 4.12175 4.12175
Time: 14.6
vtypehuman.1: 51.1901 51.3091 1.22152 1.30157 0 0
vtypehuman.4: 14.5919 14.7109 1.61034 1.69039 -9.91099 -9.91099
vtypehuman.6: 40.6354 40.7544 1.27858 1.35862 4.11117 4.11117
Time: 14.7
vtypehuman.1: 51.3185 51.4376 1.34857 1.42861 0 0
vtypehuman.4: 14.7167 14.8358 1.72018 1.80022 -9.84422 -9.84422
vtypehuman.6: 40.7628 40.8818 1.40229 1.48233 4.09946 4.09946
Time: 14.8
vtypehuman.1: 51.4577 51.5767 1.43991 1.51995 0 0
vtypehuman.4: 14.8528 14.9719 1.81961 1.89965 -9.77245 -9.77245
vtypehuman.6: 40.9007 41.0197 1.49508 1.57512 4.08684 4.08684
Time: 14.9
vtypehuman.1: 51.6053 51.7243 1.50552 1.58557 0 0
vtypehuman.4: 14.9984 15.1174 1.88654 1.96659 -9.69687 -9.69687
vtypehuman.6: 41.0457 41.1648 1.54513 1.62518 4.07366 4.07366
Time: 15
vtypehuman.1: 51.7587 51.8777 1.55475 1.63479 0 0
vtypehuman.4: 15.1481 15.2671 1.90826 1.9883 -9.62034 -9.62034
vtypehuman.6: 41.1958 41.3149 1.59066 1.67071 4.06011 4.06011
Time: 15.1
vtypehuman.1: 51.9151 52.0341 1.57077 1.65081 0 0
vtypehuman.4: 15.3015 15.4205 1.92342 2.00347 -9.54316 -9.54316
vtypehuman.6: 41.3486 41.4677 1.61071 1.69075 4.04641 4.04641
Time: 15.2
vtypehuman.1: 52.0715 52.1905 1.56163 1.64167 0 0
vtypehuman.4: 15.4541 15.5732 1.909 1.98904 -9.46758 -9.46758
vtypehuman.6: 41.5031 41.6221 1.61684 1.69688 4.03265 4.03265
Time: 15.3
vtypehuman.1: 52.2253 52.3443 1.51831 1.59835 0 0
vtypehuman.4: 15.6053 15.7243 1.86725 1.9473 -9.39392 -9.39392
vtypehuman.6: 41.6558 41.7749 1.57843 1.65847 4.01913 4.01913
Time: 15.4
vtypehuman.1: 52.3744 52.4935 1.45494 1.53499 0 0
vtypehuman.4: 15.7509 15.8699 1.7983 1.87834 -9.32404 -9.32404
vtypehuman.6: 41.8036 41.9226 1.51683 1.59688 4.00615 4.00615
Time: 15.5
vtypehuman.1: 52.5167 52.6357 1.39018 1.47023 0 0
vtypehuman.4: 15.8896 16.0087 1.7069 1.78695 -9.25843 -9.25843
vtypehuman.6: 41.9452 42.0642 1.44676 1.52681 3.99378 3.99378
Time: 15.6
vtypehuman.1: 52.6509 52.77 1.2992 1.37924 0 0
vtypehuman.4: 16.0195 16.1386 1.61267 1.69271 -9.19784 -9.19784
vtypehuman.6: 42.079 42.198 1.36327 1.44331 3.98217 3.98217
Time: 15.7
vtypehuman.1: 52.7758 52.8948 1.20387 1.28391 0 0
vtypehuman.4: 16.1403 16.2593 1.52258 1.60263 -9.14221 -9.14221
vtypehuman.6: 42.2028 42.3219 1.25553 1.33557 3.97147 3.97147
Time: 15.8
vtypehuman.1: 52.8903 53.0094 1.08647 1.16651 0 0
vtypehuman.4: 16.2521 16.3711 1.40461 1.48465 -9.0913 -9.0913
vtypehuman.6: 42.3151 42.4342 1.13269 1.21274 3.96183 3.96183
Time: 15.9
vtypehuman.1: 52.9935 53.1125 0.969458 1.0495 0 0
vtypehuman.4: 16.3519 16.4709 1.28927 1.36931 -9.04635 -9.04635
vtypehuman.6: 42.4146 42.5336 0.99568 1.07572 3.95333 3.95333
Time: 16
vtypehuman.1: 53.0848 53.2038 0.858545 0.93859 0 0
vtypehuman.4: 16.4407 16.5597 1.18057 1.26061 -9.00673 -9.00673
vtypehuman.6: 42.5022 42.6212 0.888828 0.968873 3.94586 3.94586
Time: 16.1
vtypehuman.1: 53.1638 53.2828 0.723686 0.803731 0 0
vtypehuman.4: 16.5164 16.6354 1.02269 1.10274 -8.97321 -8.97321
vtypehuman.6: 42.5777 42.6967 0.757828 0.837873 3.93946 3.93946
Time: 16.2
vtypehuman.1: 53.2298 53.3489 0.598334 0.678379 0 0
vtypehuman.4: 16.578 16.697 0.884543 0.964588 -8.94615 -8.94615
vtypehuman.6: 42.6407 42.7597 0.639408 0.719453 3.93413 3.93413
Time: 16.3
vtypehuman.1: 53.2824 53.4014 0.463796 0.54384 0 0
vtypehuman.4: 16.6271 16.7461 0.771714 0.851758 -8.92466 -8.92466
vtypehuman.6: 42.6922 42.8113 0.523214 0.603259 3.92978 3.92978
Time: 16.4
vtypehuman.1: 53.3215 53.4405 0.318549 0.398594 0 0
vtypehuman.4: 16.6633 16.7824 0.633103 0.713148 -8.90889 -8.90889
vtypehuman.6: 42.7303 42.8493 0.365761 0.445806 3.92658 3.92658
Time: 16.5
vtypehuman.1: 53.3468 53.4658 0.183205 0.26325 0 0
vtypehuman.4: 16.6859 16.8049 0.488603 0.568647 -8.8991 -8.8991
vtypehuman.6: 42.7528 42.8719 0.223761 0.303805 3.92468 3.92468
Time: 16.6
vtypehuman.1: 53.3579 53.4769 0.0361125 0.116157 0 0
vtypehuman.4: 16.6944 16.8134 0.345755 0.4258 -8.89543 -8.89543
vtypehuman.6: 42.7614 42.8804 0.0814371 0.161482 3.92396 3.92396
Time: 16.7
vtypehuman.1: 53.3551 53.4741 -0.099548 -0.0195033 0 0
vtypehuman.4: 16.689 16.808 0.226611 0.306656 -8.89774 -8.89774
vtypehuman.6: 42.7552 42.8742 -0.0694493 0.0105954 3.92449 3.92449
Time: 16.8
vtypehuman.1: 53.3379 53.4569 -0.242376 -0.162331 0 0
vtypehuman.4: 16.6717 16.7907 0.0873682 0.167413 -8.90525 -8.90525
vtypehuman.6: 42.7347 42.8537 -0.208277 -0.128233 3.92621 3.92621
Time: 16.9
vtypehuman.1: 53.3065 53.4255 -0.381454 -0.301409 0 0
vtypehuman.4: 16.6399 16.759 -0.0402934 0.0397513 -8.91907 -8.91907
vtypehuman.6: 42.7002 42.8193 -0.340454 -0.26041 3.92911 3.92911
Time: 17
vtypehuman.1: 53.2614 53.3804 -0.517663 -0.437618 0 0
vtypehuman.4: 16.5952 16.7142 -0.17339 -0.0933452 -8.93862 -8.93862
vtypehuman.6: 42.6526 42.7716 -0.481225 -0.40118 3.93313 3.93313
Time: 17.1
vtypehuman.1: 53.2034 53.3224 -0.640858 -0.560813 0 0
vtypehuman.4: 16.5379 16.657 -0.295291 -0.215247 -8.96373 -8.96373
vtypehuman.6: 42.5908 42.7098 -0.619113 -0.539069 3.93835 3.93835
Time: 17.2
vtypehuman.1: 53.1331 53.2521 -0.762053 -0.682009 0 0
vtypehuman.4: 16.4683 16.5874 -0.404116 -0.324072 -8.99447 -8.99447
vtypehuman.6: 42.5165 42.6355 -0.736376 -0.656331 3.94466 3.94466
Time: 17.3
vtypehuman.1: 53.0522 53.1712 -0.857528 -0.777483 0 0
vtypehuman.4: 16.3877 16.5067 -0.510931 -0.430886 -9.03034 -9.03034
vtypehuman.6: 42.4315 42.5505 -0.828324 -0.748279 3.95188 3.95188
Time: 17.4
vtypehuman.1: 52.9627 53.0817 -0.929709 -0.849665 0 0
vtypehuman.4: 16.297 16.416 -0.590348 -0.510303 -9.07103 -9.07103
vtypehuman.6: 42.3401 42.4591 -0.867086 -0.787041 3.95969 3.95969
Time: 17.5
vtypehuman.1: 52.8667 52.9858 -0.987203 -0.907158 0 0
vtypehuman.4: 16.2017 16.3207 -0.621091 -0.541046 -9.11418 -9.11418
vtypehuman.6: 42.2431 42.3621 -0.928019 -0.847974 3.96801 3.96801
Time: 17.6
vtypehuman.1: 52.7669 52.886 -0.997719 -0.917674 0 0
vtypehuman.4: 16.1031 16.2221 -0.644253 -0.564209 -9.15929 -9.15929
vtypehuman.6: 42.143 42.262 -0.941427 -0.861382 3.97663 3.97663
Time: 17.7
vtypehuman.1: 52.6663 52.7853 -1.00248 -0.922433 0 0
vtypehuman.4: 16.0019 16.1209 -0.644487 -0.564442 -9.20601 -9.20601
vtypehuman.6: 42.0426 42.1616 -0.935177 -0.855132 3.98532 3.98532
Time: 17.8
vtypehuman.1: 52.5679 52.6869 -0.96456 -0.884516 0 0
vtypehuman.4: 15.9033 16.0223 -0.614506 -0.534461 -9.25204 -9.25204
vtypehuman.6: 41.9437 42.0627 -0.901705 -0.821661 3.99391 3.99391
Time: 17.9
vtypehuman.1: 52.4736 52.5926 -0.908204 -0.82816 0 0
vtypehuman.4: 15.8089 15.9279 -0.539516 -0.459471 -9.29652 -9.29652
vtypehuman.6: 41.8497 41.9688 -0.840981 -0.760936 4.00211 4.00211
Time: 18
vtypehuman.1: 52.3856 52.5046 -0.842997 -0.762952 0 0
vtypehuman.4: 15.7214 15.8405 -0.469121 -0.389076 -9.33809 -9.33809
vtypehuman.6: 41.7617 41.8807 -0.782576 -0.702531 4.00982 4.00982
Time: 18.1
vtypehuman.1: 52.3054 52.4244 -0.76306 -0.683015 0 0
vtypehuman.4: 15.6421 15.7611 -0.375136 -0.295091 -9.37615 -9.37615
vtypehuman.6: 41.6807 41.7997 -0.69835 -0.618306 4.01694 4.01694
Time: 18.2
vtypehuman.1: 52.2343 52.3534 -0.666095 -0.58605 0 0
vtypehuman.4: 15.5716 15.6906 -0.293862 -0.213817 -9.41023 -9.41023
vtypehuman.6: 41.6089 41.7279 -0.60539 -0.525345 4.02328 4.02328
Time: 18.3
vtypehuman.1: 52.1734 52.2924 -0.551856 -0.471811 0 0
vtypehuman.4: 15.5096 15.6287 -0.190059 -0.110014 -9.4404 -9.4404
vtypehuman.6: 41.5469 41.666 -0.501593 -0.421549 4.02876 4.02876
Time: 18.4
vtypehuman.1: 52.1235 52.2425 -0.4461 -0.366056 0 0
vtypehuman.4: 15.4571 15.5762 -0.0953006 -0.015256 -9.4661 -9.4661
vtypehuman.6: 41.4962 41.6152 -0.375526 -0.295482 4.03326 4.03326
Time: 18.5
vtypehuman.1: 52.0852 52.2042 -0.320245 -0.240201 0 0
vtypehuman.4: 15.4165 15.5355 0.0388984 0.118943 -9.48611 -9.48611
vtypehuman.6: 41.4573 41.5763 -0.256181 -0.176136 4.03672 4.03672
Time: 18.6
vtypehuman.1: 52.0593 52.1783 -0.191565 -0.11152 0 0
vtypehuman.4: 15.3896 15.5086 0.186824 0.266868 -9.49938 -9.49938
vtypehuman.6: 41.4306 41.5496 -0.13748 -0.057435 4.0391 4.0391
Time: 18.7
vtypehuman.1: 52.0461 52.1652 -0.067439 0.0126057 0 0
vtypehuman.4: 15.3768 15.4958 0.316294 0.396338 -9.50574 -9.50574
vtypehuman.6: 41.4167 41.5357 -0.0104824 0.0695623 4.04033 4.04033
Time: 18.8
vtypehuman.1: 52.0462 52.1652 0.0714637 0.151508 0 0
vtypehuman.4: 15.3761 15.4951 0.444591 0.524635 -9.50608 -9.50608
vtypehuman.6: 41.4158 41.5348 0.133223 0.213267 4.04041 4.04041
Time: 18.9
vtypehuman.1: 52.0598 52.1788 0.203898 0.283943 0 0
vtypehuman.4: 15.3892 15.5082 0.584363 0.664407 -9.49958 -9.49958
vtypehuman.6: 41.4286 41.5477 0.261601 0.341645 4.03927 4.03927
Time: 19
vtypehuman.1: 52.087 52.206 0.340998 0.421043 0 0
vtypehuman.4: 15.4161 15.5351 0.715776 0.795821 -9.4863 -9.4863
vtypehuman.6: 41.4546 41.5736 0.400326 0.480371 4.03696 4.03696
Time: 19.1
vtypehuman.1: 52.1283 52.2473 0.483518 0.563563 0 0
vtypehuman.4: 15.4564 15.5754 0.848014 0.928059 -9.46648 -9.46648
vtypehuman.6: 41.4957 41.6148 0.553997 0.634042 4.0333 4.0333
Time: 19.2
vtypehuman.1: 52.1839 52.303 0.630081 0.710125 0 0
vtypehuman.4: 15.511 15.63 1.00035 1.08039 -9.43974 -9.43974
vtypehuman.6: 41.5513 41.6703 0.700336 0.780381 4.02837 4.02837
Time: 19.3
vtypehuman.1: 52.2538 52.3728 0.772155 0.8522 0 0
vtypehuman.4: 15.5793 15.6983 1.12549 1.20553 -9.40652 -9.40652
vtypehuman.6: 41.6202 41.7392 0.815936 0.89598 4.02228 4.02228
Time: 19.4
vtypehuman.1: 52.3381 52.4572 0.918111 0.998156 0 0
vtypehuman.4: 15.6616 15.7806 1.26521 1.34525 -9.36678 -9.36678
vtypehuman.6: 41.7023 41.8214 0.96541 1.04545 4.01504 4.01504
Time: 19.5
vtypehuman.1: 52.437 52.5561 1.05798 1.13803 0 0
vtypehuman.4: 15.7581 15.8771 1.41077 1.49081 -9.32063 -9.32063
vtypehuman.6: 41.7993 41.9183 1.10816 1.18821 4.00653 4.00653
Time: 19.6
vtypehuman.1: 52.5497 52.6687 1.19561 1.27565 0 0
vtypehuman.4: 15.8691 15.9882 1.53862 1.61867 -9.26807 -9.26807
vtypehuman.6: 41.9099 42.029 1.22903 1.30908 3.99685 3.99685
Time: 19.7
vtypehuman.1: 52.675 52.7941 1.30672 1.38676 0 0
vtypehuman.4: 15.9929 16.112 1.6558 1.73585 -9.21018 -9.21018
vtypehuman.6: 42.0323 42.1513 1.34425 1.42429 3.98621 3.98621
Time: 19.8
vtypehuman.1: 52.8112 52.9302 1.4134 1.49344 0 0
vtypehuman.4: 16.1267 16.2457 1.73333 1.81338 -9.14844 -9.14844
vtypehuman.6: 42.1655 42.2845 1.44665 1.52669 3.9747 3.9747
Time: 19.9
vtypehuman.1: 52.9559 53.0749 1.47989 1.55993 0 0
vtypehuman.4: 16.2672 16.3862 1.78121 1.86125 -9.0845 -9.0845
vtypehuman.6: 42.307 42.426 1.52218 1.60223 3.96253 3.96253
Time: 20
vtypehuman.1: 53.1065 53.2255 1.5243 1.60434 0 0
vtypehuman.4: 16.4131 16.5321 1.8249 1.90495 -9.01901 -9.01901
vtypehuman.6: 42.4557 42.5747 1.56847 1.64852 3.94982 3.94982
